500
-659
211
590
-982
451
910
687
-171
-60
-468
-271
966
477
826
-610
-915
339
-926
165
80
724
484
226
311
-116
-364
555
-680
978
-49
-218
-416
730
-874
663
638
-247
470
404
560
290
-969
884
-607
269
861
677
562
-856
-373
368
137
-519
-683
759
924
589
-604
169
-553
-971
-727
486
394
602
778
-315
-661
-270
715
-404
41
316
81
-96
237
-115
288
307
-134
-38
-830
745
-338
-722
471
-434
-508
959
399
773
-71
878
635
-733
834
832
740
105
-233
729
875
342
-222
-283
562
283
840
-436
689
780
66
-390
641
862
300
324
627
279
260
-432
-710
-962
-248
-392
128
66
569
293
-711
-129
287
-633
-879
198
963
844
56
618
-953
677
-247
733
-141
-793
769
-196
-602
-450
-129
273
228
247
-348
283
655
-342
695
-240
536
263
-749
145
-454
-421
835
-896
925
-862
501
663
-137
-406
-829
-979
0
-630
-607
339
656
-545
-929
-893
170
120
914
-257
-271
129
-534
-166
-475
70
-679
-939
925
389
424
-468
-544
-638
837
423
-3
-31
988
-289
339
274
256
797
-626
-578
304
-453
-457
-694
-234
-483
-741
320
-890
-526
-736
859
-157
813
407
-438
495
837
-379
-801
-529
-442
637
-939
90
-12
-980
791
169
623
-718
-527
-631
106
215
-58
941
-28
721
-744
755
141
910
49
-462
596
277
130
-345
93
723
-331
-737
-160
324
604
-689
180
-255
-149
-344
985
673
-87
-299
390
-40
-713
-554
701
424
966
78
915
-621
-949
499
-563
982
-333
686
-176
135
666
-93
-577
641
-344
-848
-690
-278
-379
878
134
486
86
8
-715
959
218
-826
-903
-172
-647
240
-935
737
45
272
-307
582
-684
532
-562
312
425
-143
871
407
428
863
747
742
160
530
911
758
-908
-488
348
432
237
134
-621
-311
676
909
-715
-951
-333
-491
-982
-667
-976
263
-667
-705
252
-800
-35
-73
-619
-99
-931
814
638
-829
-466
398
-776
-230
153
932
-901
744
225
355
-106
-33
860
981
561
557
964
-951
774
266
-253
-425
-884
383
55
-448
-244
-727
-974
-780
875
-460
-255
-885
-422
172
824
-8
378
638
750
-539
706
-293
534
-255
-741
412
-316
-402
352
110
-382
755
-781
433
732
424
-743
758
406
-215
-859
-431
452
827
-974
-419
723
-483
552
-309
-918
-813
-886
-732
41
-107
572
-749
-959
-414
-635
-881
42
541
-927
284
618
791
834
286
992
591
-319
681
-430
-651
-256
266
-357
800
493
167
-203
-951
282
-501
-505
-552
543
-629
166
-264
-215
941
-990
-210
-285
-201
-699
183
722
-792
236
-231
-706
90
-45
-451