500
-990
-982
-982
-980
-979
-976
-974
-974
-971
-969
-962
-959
-953
-951
-951
-951
-949
-939
-939
-935
-931
-929
-927
-926
-918
-915
-908
-903
-901
-896
-893
-890
-886
-885
-884
-881
-879
-874
-862
-859
-856
-848
-830
-829
-829
-826
-813
-801
-800
-793
-792
-781
-780
-776
-749
-749
-744
-743
-741
-741
-737
-736
-733
-732
-727
-727
-722
-718
-715
-715
-713
-711
-710
-706
-705
-699
-694
-690
-689
-684
-683
-680
-679
-667
-667
-661
-659
-651
-647
-638
-635
-633
-631
-630
-629
-626
-621
-621
-619
-610
-607
-607
-604
-602
-578
-577
-563
-562
-554
-553
-552
-545
-544
-539
-534
-529
-527
-526
-519
-508
-505
-501
-491
-488
-483
-483
-475
-468
-468
-466
-462
-460
-457
-454
-453
-451
-450
-448
-442
-438
-436
-434
-432
-431
-430
-425
-422
-421
-419
-416
-414
-406
-404
-402
-392
-390
-382
-379
-379
-373
-364
-357
-348
-345
-344
-344
-342
-338
-333
-333
-331
-319
-316
-315
-311
-309
-307
-299
-293
-289
-285
-283
-278
-271
-271
-270
-264
-257
-256
-255
-255
-255
-253
-248
-247
-247
-244
-240
-234
-233
-231
-230
-222
-218
-215
-215
-210
-203
-201
-196
-176
-172
-171
-166
-160
-157
-149
-143
-141
-137
-134
-129
-129
-116
-115
-107
-106
-99
-96
-93
-87
-73
-71
-60
-58
-49
-45
-40
-38
-35
-33
-31
-28
-12
-8
-3
0
8
41
41
42
45
49
55
56
66
66
70
78
80
81
86
90
90
93
105
106
110
120
128
129
130
134
134
135
137
141
145
153
160
165
166
167
169
169
170
172
180
183
198
211
215
218
225
226
228
236
237
237
240
247
252
256
260
263
263
266
266
269
272
273
274
277
279
282
283
283
284
286
287
288
290
293
300
304
307
311
312
316
320
324
324
339
339
339
342
348
352
355
368
378
383
389
390
394
398
399
404
406
407
407
412
423
424
424
424
425
428
432
433
451
452
470
471
477
484
486
486
493
495
499
501
530
532
534
536
541
543
552
555
557
560
561
562
562
569
572
582
589
590
591
596
602
604
618
618
623
627
635
637
638
638
638
641
641
655
656
663
663
666
673
676
677
677
681
686
687
689
695
701
706
715
721
722
723
723
724
729
730
732
733
737
740
742
744
745
747
750
755
755
758
758
759
769
773
774
778
780
791
791
797
800
813
814
824
826
827
832
834
834
835
837
837
840
844
859
860
861
862
863
871
875
875
878
878
884
909
910
910
911
914
915
924
925
925
932
941
941
959
959
963
964
966
966
978
981
982
985
988
992
